8000.1,1.6599,282.84,130.1,84.053,41.24,103.62,43.278,443.74,15.332
64798,61.475,8.8977,93.341,170.72,16.026,33.62,60.015,335.31,181.88
1.1042e+05,12.191,91.361,68.512,54.647,36.954,55.671,131.94,143.07,182.78
64641,110.9,224.27,48.547,3.3334,121.87,7.5392,142.61,352.27,141.82
18201,147.82,254.91,205.88,4.2339,70.666,49.877,93.754,220.48,96.534
65902,108.74,370.01,22.332,116.01,379.86,209.96,125.87,524.29,4.6841
41747,212.04,254.46,174,80.599,70.047,17.611,95.241,166.12,18.308
60418,244.2,48.754,38.731,97.395,91.252,111.09,364.65,56.924,47.962
39232,12.693,302.34,269,18.233,284.14,20.008,222.35,361.05,112.27
1.4115e+05,103.24,121.43,212.24,136.55,211.61,91.344,23.064,286.07,155.01
2689.7,32.789,106.19,47.778,23.588,25.437,135.08,119.48,310.06,7.6516
1.4478e+05,103.33,309.45,4.8291,2.7037,174.83,113.53,168.51,158.68,26.061
1.1222e+05,88.368,35.006,43.798,66.495,153.1,9.5916,5.3429,134.11,172.93
39778,18.11,46.307,15.906,6.4165,68.72,37.732,13.294,154.36,133.45
66588,96.629,88.611,34.208,0.78663,58.319,97.423,77.048,290.34,154.38
96663,64.25,173.77,75.277,233.78,334.28,41.624,161.43,159.24,76.301
1.1309e+05,54.577,171.13,13.086,11.825,405.27,71.356,264.44,48.958,149.3
22009,17.657,59.041,18.561,204.75,90.569,149.69,51.215,21.214,1.4373
98232,8.178,131.57,169.33,59.534,122.93,56.506,245.18,453.51,38.443
1.1967e+05,123.68,0.40261,235.48,119.63,100.71,26.971,115.35,120.24,0.42232
15192,7.1918,117.5,175.59,32.94,139.4,54.931,139.01,21.421,64.187
1.2022e+05,1.0984,185.17,1.9455,69.055,381.53,72.283,145.75,134.65,32.009
1.8105e+05,87.816,143.03,70.122,164.97,61.137,46.28,71.453,95.391,276.84
93964,9.7386,59.691,122.45,92.461,361.98,116.59,102.84,134.92,177.29
1.1831e+05,2.9698,43.381,82.998,271.14,284.51,97.731,110.03,399.25,97.294
1.5646e+05,56.373,103.06,220.35,63.818,227.32,6.3276,146.77,131.2,142.53
63714,116.93,63.876,30.805,164.77,72.802,20.535,173.84,70.121,27.255
66722,70.954,130.14,61.265,25.415,412.05,103.63,170.14,115.04,19.857
1.1276e+05,185.61,35.51,121.71,87.816,94.049,31.559,17.054,32.133,159.52
64328,114.82,29.553,152.86,51.041,222.44,62.557,112.55,137.85,117.85
41050,27.968,2.6614,49.841,151.16,211.97,39.408,40.851,61.805,119.34
45266,132.29,240.7,61.723,42.111,217.53,77.501,86.326,170.53,157.78
22643,28.905,67.962,104.92,163.59,235.86,16.422,19.521,230.85,64.484
94709,39.135,47.321,48.18,13.509,484.99,126.78,62.143,462.04,37.554
95972,64.662,351.32,163.35,21.565,17.615,139.35,22.192,154.86,206.57
1675.5,38.71,216.79,30.481,62.557,122.75,89.977,22.686,325.46,199.48
1.433e+05,36.731,228.94,94.987,10.885,194.31,92.658,41.958,1.4876,151.04
12440,4.7435,117.75,162.02,61.481,70.733,106.87,86.865,28.513,25.922
