1.0059,1.0059
0.46363,0.46363
1.4914,1.4914
0.35699,0.35699
0.63872,0.63872
0.16489,0.16489
0.25296,0.25296
0.57377,0.57377
1.2222,1.2222
1.4092,1.4092
1.0019,1.0019
0.40834,0.40834
2.0899,2.0899
3.4254,3.4254
1.2347,1.2347
0.27508,0.27508
0.96801,0.96801
0.96927,0.96927
1.5209,1.5209
1.2967,1.2967
0.57032,0.57032
2.3457,2.3457
0.035219,0.035219
1.1903,1.1903
0.58197,0.58197
4.3667,4.3667
0.97195,0.97195
0.039871,0.039871
1.5333,1.5333
0.78312,0.78312
1.3168,1.3168
0.21198,0.21198
6.2906,6.2906
0.12285,0.12285
0.33736,0.33736
0.69227,0.69227
0.66852,0.66852
3.3873,3.3873
1.6126,1.6126
0.63558,0.63558
0.27105,0.27105
0.65218,0.65218
0.82806,0.82806
0.53733,0.53733
0.96981,0.96981
0.28478,0.28478
0.29936,0.29936
0.3023,0.3023
0.12986,0.12986
2.1446,2.1446
0.034915,0.034915
0.65471,0.65471
0.53557,0.53557
0.42036,0.42036
0.61878,0.61878
0.70321,0.70321
0.89728,0.89728
1.7928,1.7928
3.1242,3.1242
0.10307,0.10307
1.1867,1.1867
0.691,0.691
3.2314,3.2314
2.5989,2.5989
0.93776,0.93776
3.2562,3.2562
1.0237,1.0237
0.52031,0.52031
0.39935,0.39935
0.4651,0.4651
0.21021,0.21021
0.10019,0.10019
0.0029874,0.0029874
0.024254,0.024254
2.0496,2.0496
1.4139,1.4139
1.2969,1.2969
2.539,2.539
1.4516,1.4516
1.8965,1.8965
1.6171,1.6171
1.3713,1.3713
0.51858,0.51858
1.3035,1.3035
0.68721,0.68721
1.0826,1.0826
0.13367,0.13367
0.60025,0.60025
0.12042,0.12042
0.98836,0.98836
1.7654,1.7654
2.4354,2.4354
1.4595,1.4595
1.0565,1.0565
0.10956,0.10956
0.1008,0.1008
0.78602,0.78602
0.10299,0.10299
2.7822,2.7822
1.0361,1.0361
