0.057332,0.049126,0.052651,0.057513,0.05572,0.05268,0.055247,0.057691,0.058932,0.053921
0.063314,0.05248,0.054355,0.055455,0.055044,0.05554,0.052916,0.063545,0.05374,0.061908
0.050304,0.053833,0.060585,0.060429,0.052865,0.057809,0.053425,0.03994,0.056466,0.054797
0.058342,0.051395,0.055555,0.059042,0.054062,0.059307,0.04992,0.055139,0.057349,0.048078
0.057619,0.061989,0.057068,0.048206,0.06226,0.05654,0.057371,0.049808,0.042786,0.05733
0.057636,0.057281,0.063463,0.050751,0.059449,0.057139,0.049304,0.062692,0.062785,0.056119
0.050108,0.054516,0.055261,0.048285,0.061122,0.063734,0.059483,0.051458,0.052924,0.054619
0.057627,0.058347,0.051333,0.05293,0.05238,0.050219,0.055196,0.063124,0.05255,0.057838
0.047577,0.062683,0.063837,0.059267,0.055185,0.05058,0.061831,0.053319,0.055905,0.058287
0.056772,0.051008,0.058992,0.057228,0.047561,0.054727,0.053412,0.054789,0.063034,0.054498
0.050582,0.053476,0.043728,0.059522,0.056137,0.062774,0.054349,0.058243,0.054353,0.052452
0.060191,0.050721,0.050884,0.059006,0.060442,0.058557,0.055966,0.054848,0.053159,0.06132
0.057065,0.056755,0.059711,0.063111,0.052357,0.058765,0.055723,0.057055,0.059262,0.059996
0.066569,0.062855,0.056783,0.054456,0.05765,0.059128,0.059173,0.06051,0.060306,0.049456
0.052815,0.053776,0.05778,0.055402,0.054128,0.051575,0.055388,0.053793,0.05362,0.055231
0.050076,0.053293,0.04954,0.056113,0.052986,0.042897,0.05952,0.053397,0.051405,0.050553
0.0488,0.060671,0.055796,0.049544,0.053037,0.053498,0.058367,0.056186,0.054412,0.061857
0.057272,0.055793,0.052677,0.053741,0.057614,0.054532,0.053408,0.054463,0.057012,0.05174
