0.093618,0.093618
0.69558,0.69558
2.5835,2.5835
0.58231,0.58231
3.0607,3.0607
0.18932,0.18932
2.9114,2.9114
1.9544,1.9544
3.1031,3.1031
0.60087,0.60087
0.45031,0.45031
0.35643,0.35643
1.1866,1.1866
1.7178,1.7178
2.0126,2.0126
5.1311,5.1311
1.9229,1.9229
1.6801,1.6801
0.36984,0.36984
0.46211,0.46211
2.3108,2.3108
2.8909,2.8909
1.5181,1.5181
0.2519,0.2519
2.9294,2.9294
0.96218,0.96218
1.1049,1.1049
0.56057,0.56057
1.9894,1.9894
3.486,3.486
2.2421,2.2421
0.64847,0.64847
1.582,1.582
0.98602,0.98602
2.0458,2.0458
0.70381,0.70381
0.06969,0.06969
0.90711,0.90711
0.095071,0.095071
0.43929,0.43929
1.0182,1.0182
2.0572,2.0572
1.6212,1.6212
1.1602,1.1602
0.71174,0.71174
1.4961,1.4961
0.54772,0.54772
1.7834,1.7834
0.10502,0.10502
2.0921,2.0921
1.1518,1.1518
4.205,4.205
4.3938,4.3938
2.3941,2.3941
1.4939,1.4939
7.5549,7.5549
3.4407,3.4407
4.1756,4.1756
0.53087,0.53087
0.0079049,0.0079049
1.3135,1.3135
1.7375,1.7375
0.71849,0.71849
1.2265,1.2265
0.13051,0.13051
0.98024,0.98024
1.8215,1.8215
1.3997,1.3997
0.50379,0.50379
1.9823,1.9823
1.0182,1.0182
1.2064,1.2064
0.17466,0.17466
0.77342,0.77342
0.36549,0.36549
0.76401,0.76401
0.79242,0.79242
1.8118,1.8118
1.7426,1.7426
0.58417,0.58417
3.9439,3.9439
0.5051,0.5051
2.0322,2.0322
0.75077,0.75077
1.3968,1.3968
1.3791,1.3791
1.1285,1.1285
2.7683,2.7683
2.9543,2.9543
0.76809,0.76809
0.5559,0.5559
3.561,3.561
3.4624,3.4624
1.6275,1.6275
1.4952,1.4952
1.2203,1.2203
0.80619,0.80619
0.24475,0.24475
4.8745,4.8745
2.3282,2.3282
