0.086814,0.067695,0.042999,0.058235,0.063463,0.054495,0.055419,0.047346,0.039823,0.05587
0.088567,0.056179,0.012406,0.057165,0.064648,0.055192,0.047584,0.085626,0.040039,0.052348
0.068958,0.057431,0.0085301,0.054224,0.037806,0.055334,0.051364,0.04567,0.037338,0.054072
0.069393,0.061678,0.17707,0.05482,0.13064,0.047971,0.051739,0.017433,0.064491,0.059414
0.059892,0.069915,0.059415,0.058084,0.020285,0.054403,0.05764,0.060994,0.044823,0.053595
0.05628,0.063843,0.0083524,0.050559,0.018217,0.056602,0.063657,0.038885,0.057438,0.052928
0.021065,0.058612,0.082332,0.061403,0.019797,0.053341,0.052537,0.031078,0.046128,0.050656
0.022556,0.054604,0.058402,0.053941,0.0097999,0.049987,0.063258,0.034329,0.072194,0.060961
0.02335,0.061251,0.030337,0.054006,0.12644,0.060063,0.052513,0.049029,0.041747,0.055244
0.022092,0.050892,0.030587,0.053369,0.035421,0.061589,0.0596,0.035808,0.043672,0.052417
0.062215,0.065522,0.014844,0.051717,0.062838,0.059614,0.051517,0.071231,0.067716,0.059881
0.061262,0.048831,0.076044,0.04991,0.065631,0.052433,0.053352,0.090376,0.047799,0.060762
0.074093,0.055357,0.069737,0.059741,0.035965,0.060271,0.051574,0.077515,0.044742,0.053204
0.058146,0.038413,0.048519,0.061781,0.069753,0.048355,0.060649,0.078656,0.037561,0.057727
0.045692,0.034692,0.053989,0.060776,0.034866,0.051236,0.058129,0.062228,0.037703,0.055255
0.050897,0.03881,0.068723,0.051145,0.041369,0.05719,0.050833,0.058161,0.067277,0.056072
0.053597,0.061029,0.020749,0.05185,0.081516,0.058241,0.058603,0.061406,0.13271,0.048121
0.075131,0.055247,0.13697,0.057273,0.081553,0.063684,0.06003,0.05423,0.076798,0.061472
