1.1037,1.5721,2.3583,4.0131,2.983,1.6599,2.169,1.2661,3.2781,2.2512
0.28329,0.50725,3.2314,0.61853,2.9468,1.3226,1.8131,0.17055,3.3463,1.9238
0.45153,0.23695,0.88807,0.35118,1.2517,0.30775,0.03473,0.23279,1.4365,0.19617
0.31895,0.859,0.21713,0.80929,0.15767,0.23306,0.56001,1.7885,1.0194,3.647
0.1941,1.9482,2.1173,0.88508,0.2136,1.4285,0.071266,0.21763,1.7896,0.99795
0.24622,3.1043,1.9764,0.45119,0.013179,0.55225,0.34372,0.52779,0.41071,0.45333
0.37849,0.59636,0.034482,0.32879,0.14501,1.9607,0.83258,0.76551,1.4974,0.35721
0.29285,0.92444,0.94098,0.40975,1.2979,0.47299,0.96923,0.34414,0.12059,2.0551
0.2704,0.62308,0.094935,0.58729,1.5708,0.16103,1.5055,0.91937,1.1494,0.65877
0.024953,0.23968,1.775,0.67452,1.4957,0.84699,0.54875,0.60594,0.60159,0.34396
0.25139,0.76298,0.27793,0.73005,1.995,0.63356,0.27425,0.30466,0.83416,0.52783
0.0078142,0.89077,0.048524,0.12289,1.2184,1.7038,1.0885,0.1697,1.1782,0.056764
0.34793,2.0221,2.1943,2.1404,0.53029,0.53645,0.69044,0.95758,2.1368,0.31166
0.85304,1.234,1.8733,1.2052,2.1747,2.8147,2.2648,0.42713,2.4451,0.22436
0.46673,1.25,0.49619,1.308,0.94985,0.11958,1.9782,1.9708,1.6418,0.38592
0.75707,1.0138,0.00052502,1.4005,0.20485,1.1979,0.095369,0.23224,0.57544,0.20344
0.17918,1.8026,0.34797,1.8248,0.042571,0.20179,1.0093,0.77167,0.063465,0.76796
0.68321,1.2518,3.1052,3.0301,0.20457,0.54378,0.76026,1.3871,2.2296,0.047496
